       0     1     2     3     4     5     ...  1676  1677  1678  1679  1680  1681
0       0.0   0.0   0.0   0.0   0.0   0.0  ...   0.0   0.0   0.0   0.0   0.0   0.0
1       0.0   5.0   4.0   0.0   0.0   4.0  ...   0.0   0.0   0.0   0.0   0.0   0.0
2       0.0   3.0   0.0   0.0   0.0   3.0  ...   0.0   0.0   0.0   0.0   0.0   0.0
3       0.0   4.0   0.0   0.0   0.0   0.0  ...   0.0   0.0   0.0   0.0   0.0   0.0
4       0.0   3.0   0.0   0.0   0.0   0.0  ...   0.0   0.0   0.0   0.0   0.0   0.0
...     ...   ...   ...   ...   ...   ...  ...   ...   ...   ...   ...   ...   ...
99995   0.0   0.0   0.0   0.0   0.0   0.0  ...   0.0   0.0   0.0   0.0   0.0   0.0
99996   0.0   0.0   0.0   0.0   0.0   0.0  ...   0.0   0.0   0.0   0.0   0.0   0.0
99997   0.0   0.0   0.0   0.0   0.0   0.0  ...   0.0   0.0   0.0   0.0   0.0   0.0
99998   0.0   0.0   0.0   0.0   0.0   0.0  ...   0.0   0.0   0.0   0.0   0.0   0.0
99999   0.0   0.0   0.0   0.0   0.0   0.0  ...   0.0   0.0   0.0   0.0   0.0   0.0

[100000 rows x 1682 columns]
Number of rows: 100000
